q = [0;0;0];
qd = [0;1;1];
qdd = [0;10;10];